  1    0.00419999999999993  
  0.950625000000000    0.0477556246459868  
  0.902500000000000    0.0853243564576952  
  0.855625000000000    0.117371470000286  
  0.810000000000000    0.144311877858889  
  0.765625000000000    0.166517369186878  
  0.722500000000000    0.184323093001445  
  0.680625000000000    0.198271675066215  
  0.640000000000000    0.210212324205714  
  0.600625000000000    0.220530268758681  
  0.562500000000000    0.229277894374303  
  0.525625000000000    0.236499538424010  
  0.490000000000000    0.242234355370000  
  0.455625000000000    0.246518719754137  
  0.422500000000000    0.249388203650552  
  0.390625000000000    0.250879164176328  
  0.360000000000000    0.251029975405714  
  0.330625000000000    0.249881937784428  
  0.302500000000000    0.247479896891624  
  0.275625000000000    0.243872602148236  
  0.250000000000000    0.239112834821429  
  0.225625000000000    0.233257333426005  
  0.202500000000000    0.226366543374660  
  0.180625000000000    0.218504216480068  
  0.160000000000000    0.209736884662857  
  0.140625000000000    0.200133230970587  
  0.122500000000000    0.189763379763945  
  0.105625000000000    0.178698126677428  
  0.0900000000000000    0.167008127712857  
  0.0756250000000000    0.154763065575161  
  0.0625000000000000    0.142030810110910  
  0.0506250000000000    0.128876588461186  
  0.0400000000000000    0.115362179291429  
  0.0306250000000000    0.101545144211981  
  0.0225000000000000    0.0874781082541239  
  0.0156250000000000    0.0732081000174795  
  0.0100000000000000    0.0587759608557143  
  0.00562500000000000    0.0442158312185691  
  0.00250000000000000    0.0295547210193025  
  0.000625000000000000    0.0148121696477160  
  0    0  
  0.000625000000000000    -0.0145622812548588  
  0.00250000000000000    -0.0285565067335882  
  0.00562500000000000    -0.0419748713971405  
  0.0100000000000000    -0.0548045322842857  
  0.0156250000000000    -0.0670278544817652  
  0.0225000000000000    -0.0786227511112667  
  0.0306250000000000    -0.0895631129619807  
  0.0400000000000000    -0.0998193221485714  
  0.0506250000000000    -0.109358842925471  
  0.0625000000000000    -0.118146881539481  
  0.0756250000000000    -0.126147105753732  
  0.0900000000000000    -0.133322413427143  
  0.105625000000000    -0.139635738284571  
  0.122500000000000    -0.145050879763945  
  0.140625000000000    -0.149533342577730  
  0.160000000000000    -0.153051170377143  
  0.180625000000000    -0.155575756658640  
  0.202500000000000    -0.157082614803231  
  0.225625000000000    -0.157552087890291  
  0.250000000000000    -0.156969977678571  
  0.275625000000000    -0.155328070898236  
  0.302500000000000    -0.152624539748767  
  0.330625000000000    -0.148864192248714  
  0.360000000000000    -0.144058546834286  
  0.390625000000000    -0.138225704354899  
  0.422500000000000    -0.131389989364838  
  0.455625000000000    -0.123581331361280  
  0.490000000000000    -0.114834355370000  
  0.525625000000000    -0.105187150031153  
  0.562500000000000    -0.0946796800885882  
  0.600625000000000    -0.0833518089372527  
  0.640000000000000    -0.0712408956342856  
  0.680625000000000    -0.0583789295305005  
  0.722500000000000    -0.0451105930014453  
  0.765625000000000    -0.0332165879368782  
  0.810000000000000    -0.0231341000811110  
  0.855625000000000    -0.0150456887502863  
  0.902500000000000    -0.00911185645769530  
  0.950625000000000    -0.00546456561820902  
  1    -0.00419999999999993  
