  1.0000000e+00    1.1796120e-16  
  9.4937541e-01    1.4438333e-02  
  9.0006575e-01    2.6160271e-02  
  8.5207101e-01    3.6275381e-02  
  8.0539119e-01    4.5035080e-02  
  7.6002630e-01    5.2488837e-02  
  7.1597633e-01    5.8540803e-02  
  6.7324129e-01    6.2967257e-02  
  6.3182117e-01    6.6300437e-02  
  5.9171598e-01    6.9020187e-02  
  5.5292571e-01    7.0257119e-02  
  5.1545036e-01    7.0624279e-02  
  4.7928994e-01    7.0478111e-02  
  4.4444444e-01    6.9955218e-02  
  4.1091387e-01    6.9125630e-02  
  3.7869822e-01    6.8028809e-02  
  3.4779750e-01    6.6685567e-02  
  3.1821170e-01    6.5101777e-02  
  2.8994083e-01    6.3279501e-02  
  2.6298488e-01    6.1232695e-02  
  2.3734385e-01    5.8975569e-02  
  2.1301775e-01    5.6521426e-02  
  1.9000657e-01    5.3883126e-02  
  1.6831032e-01    5.1073450e-02  
  1.4792899e-01    4.8105408e-02  
  1.2886259e-01    4.4992523e-02  
  1.1111111e-01    4.1749118e-02  
  9.4674556e-02    3.8390630e-02  
  7.9552926e-02    3.4933982e-02  
  6.5746220e-02    3.1398041e-02  
  5.3254438e-02    2.7804202e-02  
  4.2077581e-02    2.4177194e-02  
  3.2215648e-02    2.0546188e-02  
  2.3668639e-02    1.6946436e-02  
  1.6436555e-02    1.3421756e-02  
  1.0519395e-02    1.0028558e-02  
  5.9171598e-03    6.8428134e-03  
  2.6298488e-03    3.9732707e-03  
  6.5746220e-04    1.5900272e-03  
  0.0000000e+00    0.0000000e+00  
  0.0000000e+00    0.0000000e+00  
  6.5746220e-04    -1.5003553e-03  
  2.6298488e-03    -3.6147383e-03  
  5.9171598e-03    -6.0366972e-03  
  1.0519395e-02    -8.5969117e-03  
  1.6436555e-02    -1.1187723e-02  
  2.3668639e-02    -1.3734568e-02  
  3.2215648e-02    -1.6182766e-02  
  4.2077581e-02    -1.8490560e-02  
  5.3254438e-02    -2.0625104e-02  
  6.5746220e-02    -2.2559988e-02  
  7.9552926e-02    -2.4273632e-02  
  9.4674556e-02    -2.5748202e-02  
  1.1111111e-01    -2.6968854e-02  
  1.2886259e-01    -2.7923205e-02  
  1.4792899e-01    -2.8600948e-02  
  1.6831032e-01    -2.8993595e-02  
  1.9000657e-01    -2.9094293e-02  
  2.1301775e-01    -2.8897734e-02  
  2.3734385e-01    -2.8400127e-02  
  2.6298488e-01    -2.7599258e-02  
  2.8994083e-01    -2.6494651e-02  
  3.1821170e-01    -2.5087872e-02  
  3.4779750e-01    -2.3384863e-02  
  3.7869822e-01    -2.1409455e-02  
  4.1091387e-01    -1.9190799e-02  
  4.4444444e-01    -1.6757934e-02  
  4.7928994e-01    -1.4147363e-02  
  5.1545036e-01    -1.1416900e-02  
  5.5292571e-01    -8.6823056e-03  
  5.9171598e-01    -6.2701974e-03  
  6.3182117e-01    -4.7534960e-03  
  6.7324129e-01    -3.2098718e-03  
  7.1597633e-01    -2.0490903e-03  
  7.6002630e-01    -1.7087333e-03  
  8.0539119e-01    -1.8323594e-03  
  8.5207101e-01    -2.1264754e-03  
  9.0006575e-01    -2.3155446e-03  
  9.4937541e-01    -2.0076444e-03  
  1.0000000e+00    7.6327833e-17  
